0    0    0    1.04    1.07    1.14902    0.570008    -0.119822    0.351984
0.05    0.05    0.329019    0.624282    -0.0320379    0.515892    0.404537    0.252103    0.389803
0.1    0.1    0.657057    0.551647    0.184127    0.598396    -0.122983    0.0549481    0.240494
0.15    0.15    0.984114    0.350686    0.22071    0.622048    0.565583    -0.0894751    1.07719
0.2    0.2    1.31019    0.443376    0.191867    0.903283    0.19386    0.200799    1.31539
0.25    0.25    1.63529    0.398325    0.255476    1.17447    -0.0424664    0.123383    1.01002
0.3    0.3    1.9594    0.313987    0.302358    1.31084    0.225063    0.387023    1.78413
0.35    0.35    2.28253    0.285937    0.377001    1.59783    0.0429476    0.0489805    2.37399
0.4    0.4    2.60468    0.21355    0.337296    1.99647    -0.191552    0.618391    2.39012
0.45    0.45    2.92586    0.0814595    0.460816    2.30528    0.373155    0.560778    2.73143
0.5    0.5    3.24605    0.117463    0.521415    2.61494    0.392889    0.193202    3.25109
0.55    0.55    3.56525    0.160927    0.469925    2.99788    0.706239    0.399251    3.45966
0.6    0.6    3.88348    0.272155    0.469974    3.33607    0.265493    0.115886    4.08746
0.65    0.65    4.20073    0.263016    0.407907    3.76913    0.560766    0.543649    4.84042
0.7    0.7    4.517    0.306068    0.438627    4.2692    1.13464    0.122048    4.5405
0.75    0.75    4.83228    0.491129    0.376986    4.60518    0.91767    0.875997    4.46972
0.8    0.8    5.14658    0.594348    0.496196    4.85074    0.334416    0.540053    4.85823
0.85    0.85    5.45991    0.566625    0.535095    5.13891    0.630263    0.891884    5.5263
0.9    0.9    5.77225    0.592393    0.627737    5.494    0.276221    1.2364    5.51211
0.95    0.95    6.08361    0.548463    0.777661    5.78238    0.800454    1.59586    6.2114
1    1    6.39399    0.600798    0.961666    6.13895    1.16209    0.764099    6.06815
1.05    1.05    6.70339    0.719559    0.974438    6.41429    1.30255    1.14654    6.28747
1.1    1.1    7.01181    0.842914    1.04876    6.67593    0.687706    1.05292    6.70531
1.15    1.15    7.31925    0.849244    1.09987    6.96772    1.40062    0.934887    7.18829
1.2    1.2    7.6257    0.965746    1.12044    7.28665    1.11031    1.2505    7.35463
1.25    1.25    7.93118    1.02212    1.1874    7.58248    1.69709    1.83294    8.03252
1.3    1.3    8.23567    1.15383    1.3274    7.93069    1.33619    1.12418    8.39034
1.35    1.35    8.53918    1.2207    1.35091    8.288    1.18276    0.7247    8.32913
1.4    1.4    8.84171    1.25999    1.31735    8.58928    1.62685    1.82369    9.37863
1.45    1.45    9.14327    1.34885    1.43037    8.98893    2.21986    1.4635    9.31186
1.5    1.5    9.44384    1.50557    1.48342    9.32637    1.30972    1.65005    9.74339
1.55    1.55    9.74342    1.53049    1.55534    9.68159    1.2261    1.32261    9.66537
1.6    1.6    10.042    1.54302    1.57977    9.9831    1.33794    1.38087    10.7558
1.65    1.65    10.3397    1.5659    1.60686    10.3872    1.38829    1.05726    10.2158
1.7    1.7    10.6363    1.59278    1.59399    10.675    1.13982    1.56731    10.261
1.75    1.75    10.932    1.58798    1.63905    10.9296    1.03308    1.97778    11.0314
1.8    1.8    11.2267    1.57062    1.72368    11.2453    1.75656    1.50477    11.196
1.85    1.85    11.5204    1.63162    1.74893    11.5412    1.2671    1.88373    12.0251
1.9    1.9    11.8131    1.6355    1.81086    11.9037    1.55725    1.87729    11.6565
1.95    1.95    12.1048    1.66794    1.86595    12.1774    1.70199    2.41417    12.0787
2    2    12.3956    1.71088    1.96842    12.4624    1.9706    1.80673    12.8005
2.05    2.05    12.6854    1.77613    2.00316    12.8025    2.23053    2.3408    12.6971
2.1    2.1    12.9742    1.85959    2.08445    13.0842    2.39995    1.65651    12.9079
2.15    2.15    13.262    1.952    2.0958    13.3614    2.10375    2.35653    13.2759
2.2    2.2    13.5488    2.00965    2.16876    13.6445    1.91774    1.73848    13.7501
2.25    2.25    13.8347    2.04653    2.18149    13.9585    2.19478    1.49753    13.3342
2.3    2.3    14.1195    2.10397    2.17171    14.1866    1.92652    2.81537    14.6915
2.35    2.35    14.4034    2.13362    2.27344    14.5338    2.39722    2.96403    14.3005
2.4    2.4    14.6863    2.19929    2.37923    14.7889    2.73292    2.98316    14.6927
2.45    2.45    14.9683    2.2871    2.47851    15.0539    3.02441    2.30001    15.4731
2.5    2.5    15.2492    2.39199    2.51635    15.3844    2.45218    2.97483    15.1438
2.55    2.55    15.5292    2.4444    2.60367    15.6378    2.91411    2.83015    15.52
2.6    2.6    15.8082    2.52821    2.67352    15.8999    2.4321    2.16781    15.8929
2.65    2.65    16.0862    2.57034    2.689    16.1912    2.12254    2.86767    15.9413
2.7    2.7    16.3632    2.58623    2.75446    16.4489    2.71937    2.48893    16.5931
2.75    2.75    16.6393    2.64401    2.7879    16.7493    2.74714    2.96205    16.9098
2.8    2.8    16.9143    2.69961    2.85234    17.0455    3.23686    2.62209    17.0571
2.85    2.85    17.1884    2.78561    2.88854    17.3232    2.61856    2.93058    17.2796
2.9    2.9    17.4615    2.8236    2.94346    17.6002    2.22    3.11746    17.8198
2.95    2.95    17.7336    2.83213    3.00748    17.9125    3.23719    3.12055    18.0723
3    3    18.0048    2.90712    3.06727    18.2029    2.84895    2.94618    18.0313
3.05    3.05    18.2749    2.95213    3.1119    18.4658    2.97249    2.97252    17.7586
3.1    3.1    18.5441    3.002    3.15512    18.6637    3.23153    2.4492    18.6456
3.15    3.15    18.8123    3.0654    3.16264    18.9431    3.08722    3.25336    19.6119
3.2    3.2    19.0795    3.116    3.21954    19.2914    3.0575    3.13905    18.8895
3.25    3.25    19.3458    3.16146    3.26576    19.5236    3.32581    3.36845    19.677
3.3    3.3    19.611    3.22043    3.32307    19.8094    3.48804    3.14775    19.61
3.35    3.35    19.8753    3.28558    3.36381    20.0576    3.45648    3.00373    19.9859
3.4    3.4    20.1386    3.34525    3.3937    20.3234    3.27673    3.42867    20.3175
3.45    3.45    20.4009    3.39112    3.44629    20.5928    3.62643    3.1535    20.838
3.5    3.5    20.6622    3.45436    3.48025    20.8899    3.16831    3.36382    20.5786
3.55    3.55    20.9226    3.4883    3.52396    21.1319    3.53246    3.78279    21.1464
3.6    3.6    21.1819    3.5404    3.5884    21.3952    4.18254    3.99271    21.3623
3.65    3.65    21.4403    3.62512    3.66077    21.6385    3.48777    3.94142    21.0804
3.7    3.7    21.6977    3.66804    3.72666    21.8385    3.48141    3.35077    21.1961
3.75    3.75    21.9542    3.70836    3.75775    22.0386    4.19086    3.36971    22.2597
3.8    3.8    22.2096    3.78386    3.78814    22.3163    3.91956    3.08418    22.4133
3.85    3.85    22.4641    3.84159    3.80206    22.5926    3.91321    3.74646    22.4292
3.9    3.9    22.7175    3.89597    3.84885    22.831    3.50773    3.63396    22.9316
3.95    3.95    22.97    3.92722    3.88767    23.1066    4.27065    3.4511    23.1273
4    4    23.2216    3.99483    3.91529    23.3649    4.38626    3.49893    22.6324
4.05    4.05    23.4721    4.0648    3.94365    23.5435    3.97974    4.1029    23.7593
4.1    4.1    23.7217    4.11179    4.00006    23.8135    4.33902    3.89018    23.9356
4.15    4.15    23.9702    4.17377    4.04354    24.073    4.60345    3.64283    23.8702
4.2    4.2    24.2178    4.24542    4.07312    24.3006    4.12199    4.24993    23.8536
4.25    4.25    24.4644    4.29114    4.12971    24.5018    4.13468    3.74153    24.5313
4.3    4.3    24.7101    4.33541    4.16019    24.7577    4.8477    4.94903    24.6686
4.35    4.35    24.9547    4.41019    4.24449    24.9697    4.5894    3.89465    25.6561
4.4    4.4    25.1984    4.47018    4.27747    25.2795    4.37099    3.92554    24.8798
4.45    4.45    25.4411    4.51762    4.31017    25.491    4.55067    4.41835    25.5457
4.5    4.5    25.6828    4.57091    4.36323    25.734    3.88763    4.24279    25.3205
4.55    4.55    25.9235    4.59276    4.40629    25.9475    4.39484    4.44952    26.3066
4.6    4.6    26.1633    4.63557    4.45646    26.2211    4.38385    4.52982    26.0899
4.65    4.65    26.4021    4.67597    4.50789    26.4497    4.91206    4.31644    26.3611
4.7    4.7    26.6398    4.73706    4.54807    26.6773    4.3604    5.17762    26.8529
4.75    4.75    26.8766    4.77241    4.62276    26.9243    5.14125    5.37461    26.7839
4.8    4.8    27.1125    4.83866    4.70261    27.1278    4.9746    4.61233    27.4445
4.85    4.85    27.3473    4.89548    4.74801    27.3872    4.91157    4.97591    27.6632
4.9    4.9    27.5812    4.94743    4.80635    27.6396    4.8942    4.82987    27.7521
4.95    4.95    27.8141    4.99659    4.85649    27.8815    4.69623    5.04634    28.1249
5    5    28.046    5.03586    4.9133    28.1354    5.52227    4.89334    28.0043
5.05    5.05    28.2769    5.10617    4.96179    28.3474    5.15913    5.04798    28.2413
5.1    5.1    28.5068    5.1596    5.01445    28.565    5.12362    5.33769    28.3567
5.15    5.15    28.7358    5.20957    5.07632    28.7702    5.52012    5.00382    28.5781
5.2    5.2    28.9637    5.27287    5.12304    28.9758    5.12096    5.58469    28.4717
5.25    5.25    29.1907    5.31859    5.19006    29.1524    5.11513    5.90805    28.818
5.3    5.3    29.4167    5.36234    5.26684    29.3375    5.36141    5.75832    29.5713
5.35    5.35    29.6418    5.41365    5.33531    29.5675    5.48466    5.45416    29.6933
5.4    5.4    29.8658    5.46763    5.39008    29.7922    5.21278    5.19269    29.4819
5.45    5.45    30.0889    5.50968    5.43327    29.9901    5.78174    5.83096    29.8374
5.5    5.5    30.311    5.5708    5.49802    30.1828    5.41775    5.85295    30.7404
5.55    5.55    30.5321    5.6167    5.56135    30.4369    5.82201    5.75677    30.0495
5.6    5.6    30.7522    5.67532    5.61899    30.6134    5.13637    4.58706    31.2091
5.65    5.65    30.9714    5.70775    5.63334    30.893    6.12395    6.13929    30.6868
5.7    5.7    31.1895    5.77348    5.70136    31.076    5.52199    6.34873    31.2335
5.75    5.75    31.4067    5.81609    5.7744    31.2923    5.73336    5.7847    31.9701
5.8    5.8    31.6229    5.86451    5.82562    31.5539    5.4495    5.23865    31.5569
5.85    5.85    31.8382    5.90157    5.85642    31.7775    5.96752    6.37832    31.7686
5.9    5.9    32.0524    5.95482    5.92467    31.9778    5.7615    6.03789    31.5858
5.95    5.95    32.2657    5.99937    5.97927    32.1572    5.38125    5.73788    32.0509
6    6    32.4779    6.02977    6.02209    32.3666    5.89408    6.32228    31.8671
6.05    6.05    32.6892    6.07598    6.08275    32.5325    6.06859    6.36486    32.5235
6.10001    6.10001    32.8996    6.1264    6.14286    32.7306    6.90024    6.00419    32.9981
6.15001    6.15001    33.1089    6.20222    6.18933    32.9427    6.24434    6.23439    33.191
6.20001    6.20001    33.3173    6.25455    6.24172    33.1596    6.75306    6.10115    33.6311
6.25001    6.25001    33.5246    6.32149    6.28818    33.3882    6.16549    6.17571    33.7194
6.30001    6.30001    33.731    6.36773    6.33552    33.6144    5.88148    7.04112    33.8626
6.35001    6.35001    33.9364    6.40354    6.4086    33.8282    4.88057    5.80924    34.1471
6.40001    6.40001    34.1409    6.40694    6.44104    34.0761    6.51616    6.14547    34.3008
6.45001    6.45001    34.3443    6.46072    6.48278    34.2934    6.43849    6.37719    34.5313
6.50001    6.50001    34.5468    6.51047    6.53033    34.5103    6.63596    6.44309    34.6338
6.55001    6.55001    34.7483    6.56472    6.57843    34.7167    6.39928    7.19459    35.1408
6.60001    6.60001    34.9488    6.61017    6.64782    34.9374    6.42425    6.23213    34.786
6.65001    6.65001    35.1483    6.65499    6.68626    35.1319    6.49419    6.67542    34.964
6.70001    6.70001    35.3469    6.70053    6.73673    35.3191    6.96275    6.35111    35.1431
6.75001    6.75001    35.5444    6.75858    6.7761    35.504    6.98187    6.89449    35.931
6.80001    6.80001    35.741    6.81553    6.83025    35.7216    6.69791    6.2421    35.6408
6.85001    6.85001    35.9366    6.86255    6.86379    35.9181    6.51364    6.91291    36.0708
6.90001    6.90001    36.1312    6.90285    6.91574    36.1241    6.80691    6.92696    36.0925
6.95001    6.95001    36.3249    6.95039    6.9666    36.315    6.7963    6.66613    36.404
7.00001    7.00001    36.5175    6.99627    7.00856    36.517    6.64266    6.62365    36.6128
7.05001    7.05001    36.7092    7.03647    7.0481    36.722    6.65417    6.82454    36.1452
7.10001    7.10001    36.8999    7.07582    7.09213    36.8825    6.36519    6.72712    37.2139
7.15001    7.15001    37.0896    7.10597    7.13221    37.1038    7.19592    6.42608    36.8122
7.20001    7.20001    37.2784    7.15827    7.16276    37.2809    7.02983    7.04367    37.0649
7.25001    7.25001    37.4661    7.20455    7.20943    37.4574    7.0353    6.84445    37.43
7.30001    7.30001    37.6529    7.2497    7.24936    37.6475    6.94195    7.09446    37.6371
7.35001    7.35001    37.8387    7.29108    7.29497    37.8371    7.20328    7.32417    37.8833
7.40001    7.40001    38.0235    7.33836    7.34553    38.0247    7.33434    7.29426    37.7871
7.45001    7.45001    38.2073    7.38788    7.39394    38.1943    7.77686    7.54881    38.2743
7.50001    7.50001    38.3902    7.44788    7.44783    38.3751    7.64993    7.39046    38.422
7.55001    7.55001    38.572    7.50296    7.49613    38.5571    7.67381    7.76069    38.4132
7.60001    7.60001    38.7529    7.55723    7.55288    38.7238    7.31504    8.13978    39.292
7.65001    7.65001    38.9328    7.60074    7.61809    38.9318    7.4646    6.89251    39.0283
7.70001    7.70001    39.1118    7.64698    7.64927    39.1248    7.6384    7.56866    38.5264
7.75001    7.75001    39.2897    7.69648    7.69701    39.2689    7.47313    7.60039    39.5562
7.80001    7.80001    39.4667    7.74049    7.74436    39.4647    7.79757    7.82494    40.3674
7.85001    7.85001    39.6427    7.79164    7.79621    39.6902    7.75306    7.58087    39.3509
7.90001    7.90001    39.8177    7.84035    7.84056    39.8493    7.67151    7.81149    39.7055
7.95001    7.95001    39.9917    7.88578    7.88959    40.0176    7.82847    7.74164    40.0033
8.00001    8.00001    40.1647    7.93399    7.93564    40.1921    8.81041    8.02033    40.944
8.05001    8.05001    40.3368    8.00539    7.98746    40.3964    7.90572    8.10461    40.4149
8.10001    8.10001    40.5078    8.05276    8.04009    40.5693    8.44955    7.67968    40.5544
8.15001    8.15001    40.6779    8.1123    8.08101    40.7391    8.16934    8.45051    41.401
8.20001    8.20001    40.8471    8.1636    8.1397    40.941    7.96884    8.60217    41.5377
8.25001    8.25001    41.0152    8.20879    8.20068    41.1406    8.03445    8.34598    41.5333
8.30001    8.30001    41.1824    8.25446    8.25405    41.3316    8.1872    7.98564    41.2079
8.35001    8.35001    41.3485    8.30268    8.29752    41.4973    9.07144    8.24725    41.4759
8.40001    8.40001    41.5137    8.37079    8.34615    41.6572    8.52112    7.84843    41.2799
8.45001    8.45001    41.6779    8.42432    8.3842    41.8074    8.69907    9.14558    41.8367
8.50001    8.50001    41.8412    8.48079    8.45183    41.9643    8.52065    8.31049    42.011
8.55001    8.55001    42.0034    8.53178    8.4984    42.132    8.8863    8.55513    41.791
8.60001    8.60001    42.1647    8.59009    8.54957    42.2736    8.81664    8.40713    42.1904
8.65001    8.65001    42.325    8.64547    8.59614    42.4304    8.93214    8.34737    42.2318
8.70002    8.70002    42.4843    8.70225    8.64025    42.5805    8.80801    8.31164    42.9369
8.75002    8.75002    42.6426    8.75492    8.68253    42.7605    8.70355    9.01965    42.5605
8.80002    8.80002    42.7999    8.80401    8.73991    42.9067    9.15034    8.73191    42.6486
8.85002    8.85002    42.9563    8.86209    8.78951    43.0482    8.50995    8.69206    42.4318
8.90002    8.90002    43.1117    8.9045    8.8371    43.1777    8.93116    8.93024    43.1633
8.95002    8.95002    43.2661    8.95535    8.88895    43.3307    8.8488    8.71684    43.5093
9.00002    9.00002    43.4195    9.00325    8.93491    43.4961    8.92356    8.56955    43.0944
9.05002    9.05002    43.5719    9.05173    8.97659    43.6334    9.02565    9.13768    43.2096
9.10002    9.10002    43.7234    9.10138    9.02981    43.7631    8.23747    9.47726    43.6961
9.15002    9.15002    43.8739    9.13272    9.08931    43.914    9.26614    9.38508    43.5951
9.20002    9.20002    44.0234    9.18568    9.14553    44.044    9.00437    9.24514    44.2784
9.25002    9.25002    44.1719    9.23186    9.19753    44.2041    9.46726    8.97332    43.7758
9.30002    9.30002    44.3194    9.28698    9.24257    44.3307    9.26789    9.1978    44.5922
9.35002    9.35002    44.466    9.33667    9.29144    44.4896    9.59451    9.36077    44.5757
9.40002    9.40002    44.6115    9.39225    9.34273    44.636    9.70336    9.99247    45.0232
9.45002    9.45002    44.7561    9.44898    9.40631    44.7902    9.69817    9.01963    44.9049
9.50002    9.50002    44.8997    9.50442    9.4481    44.9401    9.80663    9.78284    45.3751
9.55002    9.55002    45.0424    9.56098    9.50499    45.0975    9.28603    10.0012    45.2594
9.60002    9.60002    45.184    9.60554    9.56525    45.2449    9.60403    9.73003    45.0589
9.65002    9.65002    45.3247    9.65574    9.61868    45.3757    10.4735    10.2031    45.8222
9.70002    9.70002    45.4644    9.72284    9.68076    45.524    9.55366    9.8341    45.1237
9.75002    9.75002    45.6031    9.76973    9.73403    45.6444    9.56333    10.3903    45.4257
9.80002    9.80002    45.7408    9.81586    9.79757    45.7679    10.4129    9.42679    45.3651
9.85002    9.85002    45.8775    9.87829    9.84029    45.8837    10.1684    9.42941    45.6167
9.90002    9.90002    46.0133    9.93455    9.88219    46.0072    10.0734    9.93931    46.5113
9.95002    9.95002    46.1481    9.98779    9.93347    46.1618    10.2619    9.66753    45.7572
10    10    46.2819    10.0437    9.97829    46.2764    9.58478    10.323    46.215
10.05    10.05    46.4147    10.0851    10.0353    46.406    10.487    10.0128    46.4552
10.1    10.1    46.5465    10.1435    10.085    46.5356    10.3288    9.97858    45.8566
10.15    10.15    46.6774    10.1977    10.133    46.6343    9.51195    9.5967    47.0573
10.2    10.2    46.8073    10.2347    10.1726    46.7907    10.3112    9.70048    46.9772
10.25    10.25    46.9362    10.2867    10.2135    46.9295    10.3137    9.71538    46.9195
10.3    10.3    47.0641    10.3376    10.2538    47.0596    9.84665    10.4197    47.0238
10.35    10.35    47.191    10.3786    10.3069    47.1865    10.3748    9.9467    47.3956
10.4    10.4    47.317    10.4289    10.35    47.3233    10.6078    10.7627    47.4535
10.45    10.45    47.4419    10.4827    10.4078    47.4484    10.393    11.1797    47.0854
10.5    10.5    47.5659    10.5314    10.4724    47.5505    11.2762    10.3832    47.5273
10.55    10.55    47.6889    10.5959    10.5208    47.6661    9.92794    10.8939    47.7351
10.6    10.6    47.811    10.6338    10.5779    47.7918    11.0858    11.0074    47.6043
10.65    10.65    47.932    10.6926    10.636    47.8967    10.3494    10.4885    48.2198
10.7    10.7    48.0521    10.7367    10.6834    48.0324    10.4255    10.7513    47.5796
10.75    10.75    48.1712    10.7813    10.7348    48.133    10.503    10.3556    48.551
10.8    10.8    48.2893    10.8265    10.7779    48.2719    10.3803    10.4406    48.0594
10.85    10.85    48.4064    10.8686    10.8218    48.3849    10.6547    10.4362    48.1721
10.9    10.9    48.5225    10.915    10.8648    48.4956    11.4226    10.5354    48.9601
10.95    10.95    48.6377    10.9745    10.9088    48.6272    10.8435    10.5325    48.0448
11    11    48.7519    11.0224    10.9519    48.7203    11.1979    11.125    49.0494
11.05    11.05    48.8651    11.0759    11.0049    48.8429    10.9722    11.0947    49.162
11.1    11.1    48.9773    11.1244    11.0565    48.967    11.4569    10.7031    49.387
11.15    11.15    49.0885    11.1806    11.1001    49.0943    11.3306    11.1919    49.1419
11.2    11.2    49.1988    11.2337    11.1516    49.204    10.6284    11.2315    49.2836
11.25    11.25    49.3081    11.2733    11.203    49.3196    11.1133    10.4691    48.8266
11.3    11.3    49.4164    11.3207    11.2399    49.4143    11.5501    11.2384    49.1461
11.35    11.35    49.5237    11.3751    11.2897    49.5086    11.2646    11.4121    49.3775
11.4    11.4    49.63    11.4234    11.3417    49.6087    10.7983    11.1975    49.0948
11.45    11.45    49.7353    11.4628    11.389    49.6984    11.195    11.5    49.9501
11.5    11.5    49.8397    11.5084    11.4408    49.8125    11.9175    10.8088    49.7114
11.55    11.55    49.9431    11.5656    11.4797    49.9125    11.654    11.7173    49.6391
11.6    11.6    50.0455    11.6174    11.5336    50.0008    11.6908    11.1077    49.2959
11.65    11.65    50.1469    11.6689    11.576    50.0762    10.6432    11.9157    50.0954
11.7    11.7    50.2474    11.7016    11.6316    50.1804    11.476    11.6573    49.968
11.75    11.75    50.3468    11.7479    11.6818    50.2715    11.9728    11.6107    50.96
11.8    11.8    50.4453    11.8018    11.7304    50.3934    11.6567    12.2415    50.0592
11.85    11.85    50.5428    11.8495    11.7888    50.4743    11.7844    11.61    50.1723
11.9    11.9    50.6394    11.8985    11.8357    50.5594    10.7563    11.0987    51.1032
11.95    11.95    50.7349    11.9296    11.8732    50.6867    11.7454    11.5915    50.9362
12    12    50.8295    11.9765    11.9182    50.7927    11.9823    12.0347    50.7988
12.05    12.05    50.923    12.0266    11.9699    50.8847    11.7041    12.3575    50.5298
12.1    12.1    51.0156    12.0712    12.026    50.9627    12.1004    12.0517    51.0204
12.15    12.15    51.1073    12.1216    12.0762    51.0549    11.8305    11.9773    51.1774
12.2    12.2    51.1979    12.1668    12.1243    51.1515    12.6071    11.9918    51.4509
12.25    12.25    51.2875    12.2239    12.1719    51.249    12.3372    12.6594    51.5687
12.3    12.3    51.3762    12.2757    12.2296    51.3444    12.3464    12.1423    51.6105
12.35    12.35    51.4639    12.3268    12.278    51.441    12.2871    12.4966    51.1905
12.4    12.4    51.5506    12.3762    12.3313    51.5168    12.6986    12.1443    51.4637
12.45    12.45    51.6363    12.4313    12.3781    51.5988    12.0548    12.6926    51.2818
12.5    12.5    51.7211    12.4753    12.4329    51.6716    12.902    12.2721    51.7495
12.55    12.55    51.8049    12.5321    12.4802    51.7553    12.2451    12.9954    52.0124
12.6    12.6    51.8877    12.5776    12.5382    51.8447    13.029    12.7493    52.2242
12.65    12.65    51.9695    12.6347    12.5914    51.9346    12.4272    12.643    51.8053
12.7    12.7    52.0503    12.6814    12.6421    52.0109    12.428    13.0681    51.7153
12.75    12.75    52.1301    12.7275    12.6986    52.0783    13.0345    13.156    51.7641
12.8    12.8    52.209    12.7823    12.7557    52.14    12.6496    12.3491    52.1941
12.85    12.85    52.2869    12.8302    12.7993    52.2218    12.7908    12.8453    51.7295
12.9    12.9    52.3638    12.8796    12.8499    52.2801    12.6103    13.1956    52.2459
12.95    12.95    52.4397    12.9254    12.9052    52.3528    12.9923    12.5846    52.2449
13    13    52.5146    12.9764    12.9502    52.4239    12.6438    13.0122    52.7415
13.05    13.05    52.5886    13.0213    13.0011    52.5089    12.0543    12.9371    52.2517
13.1    13.1    52.6616    13.0565    13.0501    52.5781    13.062    13.1617    52.4746
13.15    13.15    52.7336    13.1065    13.1017    52.6443    13.4715    13.6114    52.6559
13.2    13.2    52.8046    13.1619    13.1594    52.7086    13.2134    12.7562    53.4667
13.25    13.25    52.8746    13.2125    13.2033    52.8049    13.7273    12.4507    53.076
13.3    13.3    52.9437    13.2702    13.2419    52.8833    13.2411    13.3358    52.8687
13.35    13.35    53.0118    13.3197    13.2932    52.9494    13.7753    13.5424    52.6248
13.4    13.4    53.0788    13.3764    13.3468    53.0001    13.1809    13.177    52.4544
13.45    13.45    53.145    13.4235    13.3942    53.0488    13.2283    14.1453    53.378
13.5    13.5    53.2101    13.4706    13.4552    53.1199    13.4713    13.3549    52.5855
13.55    13.55    53.2742    13.5205    13.5037    53.1653    13.8255    13.6213    53.826
13.6    13.6    53.3374    13.575    13.5554    53.246    13.7681    14.5423    53.0421
13.65    13.65    53.3996    13.6278    13.6198    53.2927    13.2287    13.0529    53.8095
13.7    13.7    53.4608    13.672    13.6616    53.3749    14.0288    13.5709    53.7271
13.75    13.75    53.521    13.7271    13.7102    53.4436    12.9882    13.9748    53.5893
13.8    13.8    53.5803    13.7664    13.7641    53.5091    13.6625    13.5838    53.6091
13.85    13.85    53.6385    13.8148    13.8115    53.5711    13.8799    13.4358    53.3465
13.9    13.9    53.6958    13.8657    13.856    53.6219    14.1604    14.2657    54.0596
13.95    13.95    53.7521    13.9198    13.9119    53.6869    13.4952    14.5426    53.3619
14    14    53.8074    13.9637    13.9709    53.7294    14.3286    14.6289    54.3097
14.05    14.05    53.8618    14.0188    14.0303    53.795    14.6705    14.1168    54.1854
14.1    14.1    53.9151    14.078    14.0816    53.8553    14.8558    13.3661    53.9004
14.15    14.15    53.9675    14.139    14.1216    53.9077    14.0321    14.6446    53.6714
14.2    14.2    54.0189    14.1875    14.179    53.9481    14.209    13.9975    54.0843
14.25    14.25    54.0693    14.2379    14.2266    54.0025    14.407    14.5118    54.2636
14.3    14.3    54.1188    14.2903    14.2806    54.0563    14.4934    14.3777    54.1538
14.35    14.35    54.1672    14.3432    14.3321    54.105    13.7512    14.6138    53.8664
14.4    14.4    54.2147    14.385    14.3861    54.1457    14.2978    14.8311    54.043
14.45    14.45    54.2612    14.4338    14.4424    54.1858    14.7645    14.6391    54.6374
14.5    14.5    54.3067    14.4884    14.4952    54.241    14.4439    14.8754    54.2124
14.55    14.55    54.3512    14.5379    14.5506    54.2816    14.5761    14.3426    54.255
14.6    14.6    54.3948    14.5884    14.598    54.3241    15.0393    14.5718    54.5206
14.65    14.65    54.4373    14.6446    14.6478    54.3691    15.0834    14.7193    54.4072
14.7    14.7    54.4789    14.7007    14.699    54.4077    15.1346    14.7031    54.5954
14.75    14.75    54.5195    14.7567    14.7492    54.4504    14.3608    14.9602    54.4414
14.8    14.8    54.5591    14.8015    14.8022    54.4896    14.5822    14.458    54.6093
14.85    14.85    54.5978    14.8486    14.8478    54.5338    14.7766    14.8636    54.7075
14.9    14.9    54.6354    14.8977    14.8982    54.5759    14.5446    14.5246    54.3963
14.95    14.95    54.6721    14.9431    14.9434    54.6102    14.5953    15.0922    54.9838
15    15    54.7078    14.9885    14.9955    54.6572    14.9193    15.5102    55.0292
15.05    15.05    54.7425    15.0377    15.0525    54.6997    15.5539    15.2024    54.7727
15.1    15.1    54.7763    15.0945    15.1047    54.7312    15.2175    15.0838    54.897
15.15    15.15    54.809    15.1462    15.1546    54.7675    15.2808    15.3885    55.3716
15.2    15.2    54.8408    15.1981    15.2079    54.8144    15.4898    14.9327    54.9162
15.25    15.25    54.8716    15.252    15.2545    54.8476    14.735    15.2592    54.0298
15.3    15.3    54.9014    15.2954    15.3048    54.8556    15.0575    14.6767    54.0838
15.35    15.35    54.9302    15.3423    15.3468    54.8657    15.6634    15.4385    54.8443
15.4    15.4    54.9581    15.3966    15.3981    54.8897    15.2288    15.5026    54.6674
15.45    15.45    54.985    15.4445    15.4496    54.9094    15.1655    15.748    55.0749
15.5    15.5    55.0109    15.4909    15.5037    54.9389    15.1481    15.8    54.7837
15.55    15.55    55.0358    15.5366    15.5577    54.9584    15.6884    15.0641    54.7295
15.6    15.6    55.0597    15.5886    15.6016    54.9764    15.4543    15.3523    54.5674
15.65    15.65    55.0826    15.6369    15.6486    54.9885    16.0355    15.795    54.9297
15.7    15.7    55.1046    15.692    15.7006    55.0046    15.7248    15.2465    54.9604
15.75    15.75    55.1256    15.7425    15.745    55.0251    15.216    15.8485    54.9733
15.8    15.8    55.1456    15.7859    15.7964    55.0445    15.1349    15.8336    55.3907
15.85    15.85    55.1646    15.8277    15.8471    55.0752    16.0833    15.4638    55.4707
15.9    15.9    55.1827    15.8809    15.8924    55.1039    16.0963    15.5529    55.365
15.95    15.95    55.1997    15.9336    15.9383    55.128    15.7403    15.8221    54.8545
16    16    55.2158    15.9812    15.9869    55.137    16.2551    15.8289    55.3376
16.05    16.05    55.2309    16.0346    16.0351    55.1562    16.5549    15.896    55.1003
16.1    16.1    55.245    16.0911    16.0834    55.1658    16.659    16.6776    55.3015
16.15    16.15    55.2582    16.1482    16.1409    55.1757    16.0918    16.0169    55.4101
16.2    16.2    55.2703    16.1976    16.1895    55.1942    16.4628    16.2701    55.6366
16.25    16.25    55.2815    16.2509    16.2406    55.2149    16.0964    15.7725    54.8862
16.3    16.3    55.2917    16.2991    16.285    55.2183    16.3345    15.9486    54.814
16.35    16.35    55.3009    16.3496    16.3309    55.217    16.3463    17.0375    55.7301
16.4    16.4    55.3091    16.3997    16.3896    55.2347    16.2701    16.4399    55.3691
16.45    16.45    55.3164    16.4482    16.4404    55.2451    16.4659    16.628    55.6241
16.5    16.5    55.3227    16.4985    16.4928    55.2598    15.5434    17.035    55.2945
16.55    16.55    55.3279    16.537    16.5494    55.2673    16.021    16.6159    55.1623
16.6    16.6    55.3322    16.5808    16.6004    55.2703    16.1503    16.4316    55.6646
16.65    16.65    55.3356    16.6257    16.6485    55.2865    16.6622    15.9754    55.2931
16.7    16.7    55.3379    16.6761    16.6906    55.2916    16.6064    16.4561    55.9366
16.75    16.75    55.3393    16.7252    16.7379    55.3113    16.5476    16.2342    55.4783
16.8    16.8    55.3397    16.7731    16.782    55.3193    16.8821    16.4041    54.8953
16.85    16.85    55.3391    16.8244    16.8276    55.3085    17.0477    16.5931    55.2914
16.9    16.9    55.3375    16.877    16.8749    55.3063    16.4859    17.3757    55.8
16.95    16.95    55.3349    16.9223    16.9309    55.316    16.7878    17.1398    55.513
17    17    55.3314    16.9707    16.9834    55.3172    17.0865    16.9905    55.3302
17.05    17.05    55.3269    17.022    17.0336    55.3123    17.3368    17.117    55.1437
17.1    17.1    55.3214    17.0757    17.0846    55.3004    16.9378    16.696    55.3609
17.15    17.15    55.3149    17.1241    17.1302    55.2979    16.8249    16.9998    55.5825
17.2    17.2    55.3074    17.1706    17.1787    55.2998    17.3342    17.4379    55.0499
17.25    17.25    55.299    17.2224    17.2318    55.2828    16.8254    17.5258    55.3826
17.3    17.3    55.2895    17.2678    17.2852    55.2764    16.8297    16.9228    55.052
17.35    17.35    55.2791    17.3127    17.3312    55.264    16.9765    17.4848    54.9177
17.4    17.4    55.2678    17.3587    17.383    55.2444    17.5622    17.166    55.5832
17.45    17.45    55.2554    17.411    17.4306    55.2407    17.2791    17.2538    54.9848
17.5    17.5    55.242    17.4594    17.4786    55.2222    16.8327    17.6173    54.9583
17.55    17.55    55.2277    17.5022    17.5303    55.2034    17.6608    17.1285    55.0435
17.6    17.6    55.2124    17.5538    17.5758    55.185    17.0129    17.539    55.0467
17.65    17.65    55.1961    17.5976    17.6254    55.1677    17.0883    17.9159    55.2334
17.7    17.7    55.1788    17.6417    17.6787    55.153    17.5957    17.5071    54.7524
17.75    17.75    55.1606    17.691    17.7268    55.1255    17.7155    17.7023    55.3909
17.8    17.8    55.1413    17.7411    17.7766    55.1128    17.9864    17.7349    55.1569
17.85    17.85    55.1211    17.7937    17.8262    55.0926    17.6494    18.3553    55.1356
17.9    17.9    55.0999    17.842    17.8821    55.0705    17.8243    17.9844    54.9151
17.95    17.95    55.0777    17.8916    17.9334    55.0439    17.9816    18.1717    55.095
18    18    55.0546    17.9425    17.9861    55.0203    18.1226    17.8236    54.6589
18.05    18.05    55.0304    17.9943    18.0344    54.9869    18.2331    18.0509    55.2034
18.1    18.1    55.0053    18.0468    18.0846    54.9656    17.8081    18.374    55.1867
18.15    18.15    54.9792    18.094    18.1379    54.9445    17.8754    18.0881    54.7703
18.2    18.2    54.9521    18.1415    18.1874    54.9141    18.4476    18.1522    55.2783
18.25    18.25    54.9241    18.1947    18.2371    54.8936    18.3949    18.4906    55.1346
18.3    18.3    54.895    18.2467    18.29    54.8682    17.7887    18.3363    55.2649
18.35    18.35    54.865    18.2916    18.3406    54.8496    18.9267    18.4367    54.3981
18.4    18.4    54.834    18.3483    18.3917    54.8043    18.6507    18.9747    55.2815
18.45    18.45    54.802    18.4015    18.4482    54.7798    18.3126    19.2549    54.6669
18.5    18.5    54.769    18.4504    18.507    54.7407    18.6423    18.8209    54.7235
18.55    18.55    54.7351    18.5024    18.5606    54.7039    18.4232    18.841    54.6456
18.6    18.6    54.7001    18.5514    18.6138    54.6664    18.4291    19.1044    54.2503
18.65    18.65    54.6642    18.6    18.6692    54.6185    18.2899    18.4203    54.3879
18.7    18.7    54.6273    18.6466    18.7168    54.5782    18.2798    18.7117    54.1812
18.75    18.75    54.5895    18.6925    18.7669    54.532    18.3037    19.0837    54.3637
18.8    18.8    54.5506    18.7382    18.8205    54.4889    19.2244    18.981    54.5992
18.85    18.85    54.5108    18.7932    18.8724    54.4483    18.5979    19.2983    54.424
18.9    18.9    54.4699    18.841    18.9271    54.4054    19.2984    19.1708    54.5289
18.95    18.95    54.4281    18.8957    18.98    54.3628    19.5031    19.1233    53.7919
19    19    54.3854    18.952    19.0317    54.3027    19.2775    19.4531    54.1255
19.05    19.05    54.3416    19.0053    19.0864    54.2506    19.0106    19.1093    54.2856
19.1    19.1    54.2969    19.0552    19.1369    54.2057    19.4123    18.9421    54.4588
19.15    19.15    54.2511    19.1089    19.1851    54.1643    19.4052    18.8677    53.759
19.2    19.2    54.2044    19.1619    19.2321    54.1074    19.3968    19.5411    54.4684
19.25    19.25    54.1567    19.2143    19.2856    54.0648    19.3973    19.0937    54.5091
19.3    19.3    54.1081    19.2661    19.3339    54.0257    19.4363    19.1807    53.9651
19.35    19.35    54.0584    19.3178    19.3825    53.9738    20.02    19.3012    54.1126
19.4    19.4    54.0078    19.375    19.4319    53.9229    18.9742    18.9516    53.8751
19.45    19.45    53.9562    19.4209    19.4773    53.8731    19.5891    19.4134    53.851
19.5    19.5    53.9036    19.4726    19.5268    53.8188    19.7453    19.4491    54.1124
19.55    19.55    53.85    19.5253    19.5763    53.7704    18.8969    19.6927    53.6012
19.6    19.6    53.7955    19.5689    19.6277    53.7134    18.9955    19.988    53.2348
19.65    19.65    53.7399    19.613    19.6816    53.647    19.8403    20.6548    53.4598
19.7    19.7    53.6834    19.6653    19.7417    53.5803    19.7385    20.0373    53.9063
19.75    19.75    53.6259    19.716    19.795    53.5277    19.9621    20.2007    53.7656
19.8    19.8    53.5675    19.7684    19.8494    53.471    20.1678    19.3352    53.8824
19.85    19.85    53.508    19.8224    19.8945    53.4204    20.3502    20.6251    53.2318
19.9    19.9    53.4476    19.8777    19.9521    53.3496    19.6844    19.4311    53.6644
19.95    19.95    53.3861    19.9257    19.9972    53.2974    19.8354    19.7266    53.3818
20    20    53.3237    19.9748    20.0448    53.2375    20.0987    20.4042    52.9898
20.05    20.05    53.2604    20.026    20.0987    53.1658    19.9256    20.0697    52.9356
20.1    20.1    53.196    20.075    20.1487    53.0959    20.2803    19.8943    53.4088
20.15    20.15    53.1307    20.1271    20.1965    53.0369    19.8717    20.0256    53.7265
20.2    20.2    53.0643    20.1745    20.2451    52.9868    20.0491    19.8525    53.0564
20.25    20.25    52.997    20.2233    20.2915    52.9225    19.9685    19.7717    53.5704
20.3    20.3    52.9287    20.2707    20.3366    52.8711    20.4916    20.2646    52.7099
20.35    20.35    52.8595    20.3229    20.3861    52.7972    20.6071    20.4362    53.5695
20.4    20.4    52.7892    20.3757    20.4369    52.7421    20.7777    20.5076    53.5515
20.45    20.45    52.718    20.4296    20.4878    52.6865    20.8118    20.395    53.0929
20.5    20.5    52.6458    20.4833    20.5372    52.6218    20.1842    21.0504    52.7125
20.55    20.55    52.5726    20.5304    20.5924    52.5496    20.945    20.4472    52.7142
20.6    20.6    52.4984    20.5844    20.6413    52.4778    20.9946    20.7802    52.5076
20.65    20.65    52.4233    20.6384    20.6929    52.401    20.2239    20.6022    51.9066
20.7    20.7    52.3471    20.6845    20.7423    52.316    21.0535    20.4743    52.3901
20.75    20.75    52.27    20.7381    20.7899    52.2398    20.7381    21.2733    52.3828
20.8    20.8    52.1919    20.7881    20.8448    52.1627    20.7433    20.6378    51.83
20.85    20.85    52.1129    20.8377    20.8931    52.0773    20.9036    21.1567    52.0944
20.9    20.9    52.0328    20.8884    20.9459    51.996    20.9299    21.0739    51.9236
20.95    20.95    51.9518    20.9388    20.9974    51.9125    21.1548    20.8787    51.7276
21    21    51.8697    20.9909    21.0466    51.8258    21.3294    20.6339    52.4
21.05    21.05    51.7867    21.0441    21.0929    51.755    20.7039    20.5299    52.0183
21.1    21.1    51.7028    21.091    21.1378    51.68    21.4568    21.5065    52.4318
21.15    21.15    51.6178    21.1445    21.1916    51.608    21.1859    21.4379    51.4392
21.2    21.2    51.5318    21.1949    21.2441    51.5174    21.2334    21.3674    51.7005
21.25    21.25    51.4449    21.2453    21.2955    51.4336    21.1095    21.1044    51.921
21.3    21.3    51.357    21.2941    21.344    51.3573    20.9288    21.3925    51.3985
21.35    21.35    51.2681    21.3408    21.3947    51.2706    20.9686    21.208    51.2494
21.4    21.4    51.1783    21.3873    21.4432    51.1826    21.3035    21.3556    51.4099
21.45    21.45    51.0874    21.4366    21.4927    51.0973    21.6695    20.9896    50.9411
21.5    21.5    50.9956    21.4888    21.5383    51.0034    21.6276    20.841    50.6856
21.55    21.55    50.9028    21.5401    21.582    50.9063    21.4113    21.9005    51.2916
21.6    21.6    50.809    21.5889    21.6352    50.82    21.4972    21.8893    50.8751
21.65    21.65    50.7142    21.6381    21.6877    50.7259    21.5373    22.2818    50.567
21.7    21.7    50.6185    21.6872    21.7435    50.6252    21.8355    21.5148    50.7225
21.75    21.75    50.5217    21.7386    21.7916    50.531    21.8528    21.4127    50.4504
21.8    21.8    50.424    21.7897    21.8384    50.4328    21.3988    21.9404    50.3559
21.85    21.85    50.3253    21.8362    21.8895    50.3338    21.4392    21.5302    49.9232
21.9    21.9    50.2256    21.8826    21.9365    50.2287    21.7044    21.7841    50.3583
21.95    21.95    50.125    21.931    21.9853    50.1321    21.9272    21.9882    50.5764
22    22    50.0233    21.9809    22.0356    50.0398    22.2788    21.6649    49.8276
22.0499    22.0499    49.9207    22.0336    22.0824    49.9334    21.62    22.4024    49.9015
22.0999    22.0999    49.8171    22.0799    22.1355    49.8297    22.4843    22.1339    49.6999
22.1499    22.1499    49.7125    22.1336    22.1857    49.7212    21.7651    22.1121    49.5018
22.1999    22.1999    49.6069    22.1803    22.2353    49.6131    21.8385    21.9741    49.5863
22.2499    22.2499    49.5004    22.2272    22.2831    49.5084    22.4995    22.6552    49.2002
22.2999    22.2999    49.3929    22.2796    22.3367    49.3925    21.7383    21.6371    49.183
22.3499    22.3499    49.2844    22.3248    22.3806    49.2845    21.7097    22.409    49.2528
22.3999    22.3999    49.1749    22.3693    22.4311    49.1767    22.5968    22.4425    49.1499
22.4499    22.4499    49.0644    22.4213    22.4814    49.065    22.4843    22.7631    48.8924
22.4999    22.4999    48.953    22.4718    22.5341    48.949    22.0854    22.3954    48.9407
22.5499    22.5499    48.8405    22.5184    22.5831    48.8385    22.8242    23.1658    49.3107
22.5999    22.5999    48.7271    22.571    22.6384    48.7313    22.5126    22.3653    48.5365
22.6499    22.6499    48.6127    22.6205    22.6862    48.6145    23.0415    22.8461    48.1125
22.6999    22.6999    48.4974    22.6742    22.7378    48.4872    23.0299    22.3692    48.5943
22.7499    22.7499    48.381    22.7273    22.7848    48.373    22.8737    23.0534    48.5374
22.7999    22.7999    48.2637    22.7786    22.8374    48.2575    22.9329    22.6351    47.7951
22.8499    22.8499    48.1453    22.8299    22.8858    48.1303    22.8128    22.689    47.9624
22.8999    22.8999    48.0261    22.8798    22.9343    48.0085    22.6261    23.4605    47.9616
22.9499    22.9499    47.9058    22.9276    22.9891    47.8863    23.6295    22.7633    47.8742
22.9999    22.9999    47.7845    22.9837    23.0373    47.763    22.8899    22.7853    47.4721
23.0499    23.0499    47.6623    23.0329    23.0854    47.6363    23.0724    22.7589    46.9028
23.0999    23.0999    47.539    23.0832    23.1327    47.4997    23.4037    22.9411    47.0667
23.1499    23.1499    47.4148    23.136    23.1813    47.3665    22.6276    22.8976    47.7678
23.1999    23.1999    47.2897    23.1816    23.229    47.2516    22.7795    23.5168    47.1803
23.2499    23.2499    47.1635    23.2282    23.2817    47.1243    23.7829    22.9115    46.8157
23.2999    23.2999    47.0364    23.283    23.3287    46.9903    23.2478    23.3583    46.5035
23.3499    23.3499    46.9082    23.3327    23.3791    46.8526    22.9395    23.2304    46.8592
23.3999    23.3999    46.7791    23.3793    23.428    46.7252    24.0361    23.5226    46.5433
23.4499    23.4499    46.649    23.4349    23.479    46.5887    23.5532    23.5541    46.6281
23.4999    23.4999    46.518    23.486    23.5298    46.4573    23.9137    23.655    46.9715
23.5499    23.5499    46.3859    23.5396    23.5811    46.3328    22.9692    22.9438    46.3395
23.5999    23.5999    46.2529    23.5848    23.6258    46.2038    23.4137    23.5268    46.3052
23.6499    23.6499    46.1189    23.6334    23.6752    46.0724    23.5718    23.1395    46.14
23.6999    23.6999    45.9839    23.6829    23.7208    45.9406    23.8114    23.7359    45.6945
23.7499    23.7499    45.8479    23.734    23.7711    45.7993    23.9524    23.7105    45.8507
23.7999    23.7999    45.7109    23.7858    23.8207    45.6625    23.4664    23.7936    46.0236
23.8499    23.8499    45.573    23.8332    23.8706    45.5323    24.2081    23.9825    45.359
23.8999    23.8999    45.4341    23.8863    23.9217    45.3883    23.3354    24.0796    44.9487
23.9499    23.9499    45.2942    23.9317    23.9732    45.2413    24.0882    24.3162    45.4204
23.9999    23.9999    45.1533    23.9831    24.0262    45.1018    24.041    23.4585    45.5672
24.0499    24.0499    45.0114    24.0335    24.0716    44.9701    24.2398    24.2724    45.222
24.0999    24.0999    44.8686    24.0853    24.1235    44.8304    24.2825    24.0865    44.6573
24.1499    24.1499    44.7248    24.1369    24.1733    44.6827    23.7567    24.1489    44.6563
24.1999    24.1999    44.58    24.1838    24.2233    44.5386    24.4068    24.2585    44.8847
24.2499    24.2499    44.4342    24.2357    24.2737    44.3982    24.697    24.8155    44.5849
24.2999    24.2999    44.2874    24.2895    24.3283    44.2513    24.3201    24.5329    44.4337
24.3499    24.3499    44.1397    24.3398    24.3802    44.106    24.795    24.1258    44.5285
24.3999    24.3999    43.9909    24.3935    24.4282    43.9643    24.4632    24.4291    43.9388
24.4499    24.4499    43.8412    24.4441    24.4784    43.8138    24.0015    24.2025    43.8507
24.4999    24.4999    43.6905    24.4906    24.5263    43.6661    24.6708    24.1763    44.1162
24.5499    24.5499    43.5389    24.5421    24.5736    43.5233    24.1666    24.5441    43.6571
24.5999    24.5999    43.3862    24.5891    24.6235    43.3745    24.9998    24.8671    43.0728
24.6499    24.6499    43.2326    24.6424    24.6757    43.2132    25.4275    24.7882    43.0889
24.6999    24.6999    43.078    24.6988    24.7267    43.0533    24.4039    25.4296    43.108
24.7499    24.7499    42.9224    24.7465    24.7826    42.8973    25.0682    24.655    43.3265
24.7999    24.7999    42.7658    24.7992    24.8317    42.7478    25.1699    24.5461    42.8349
24.8499    24.8499    42.6082    24.8522    24.8796    42.5915    25.1865    24.4282    42.3698
24.8999    24.8999    42.4497    24.905    24.9261    42.4294    25.0967    25.2933    42.2748
24.9499    24.9499    42.2902    24.9566    24.9792    42.2652    24.4639    24.7232    42.4408
24.9999    24.9999    42.1297    25.0027    25.0273    42.1103    24.4627    25.1106    42.563
25.0499    25.0499    41.9682    25.0485    25.0782    41.9585    25.1122    25.164    42.0864
25.0999    25.0999    41.8057    25.099    25.129    41.7979    25.1532    24.9052    41.9004
25.1499    25.1499    41.6423    25.1495    25.1774    41.6369    24.9314    25.3033    41.3963
25.1999    25.1999    41.4779    25.1979    25.2285    41.4686    25.9804    25.1223    41.7339
25.2499    25.2499    41.3125    25.2541    25.2778    41.3058    24.8201    25.7586    41.3434
25.2999    25.2999    41.1461    25.3008    25.3318    41.14    25.25    25.7104    41.0974
25.3499    25.3499    40.9787    25.3504    25.385    40.9709    25.5916    25.2737    40.7928
25.3999    25.3999    40.8104    25.4024    25.4343    40.799    25.5746    25.2191    40.4587
25.4499    25.4499    40.641    25.4538    25.4827    40.6239    25.3189    25.1896    40.9732
25.4999    25.4999    40.4707    25.5028    25.5306    40.4611    25.1842    25.5998    40.2428
25.5499    25.5499    40.2994    25.5504    25.5813    40.2869    25.5143    25.6497    40.2683
25.5999    25.5999    40.1272    25.6002    25.632    40.1142    25.814    25.9032    40.3569
25.6499    25.6499    39.9539    25.6519    25.6843    39.9437    25.9304    25.554    39.9823
25.6999    25.6999    39.7797    25.7041    25.7334    39.7697    25.0766    25.9689    39.8854
25.7499    25.7499    39.6045    25.7493    25.7854    39.5979    25.3598    25.7461    39.4505
25.7999    25.7999    39.4283    25.7964    25.8353    39.4206    25.27    25.6048    39.8227
25.8499    25.8499    39.2511    25.8423    25.8837    39.2529    26.5    25.6642    39.3353
25.8999    25.8999    39.0729    25.8975    25.9322    39.075    25.8998    26.2638    38.7187
25.9499    25.9499    38.8938    25.9475    25.9849    38.8888    26.4294    25.8267    38.7387
25.9999    25.9999    38.7137    26.0013    26.0338    38.7051    25.6455    25.2748    38.8763
26.0499    26.0499    38.5326    26.0486    26.0782    38.5306    26.1335    26.0007    38.3802
26.0999    26.0999    38.3505    26.0993    26.1277    38.3461    26.1294    26.2165    37.7206
26.1499    26.1499    38.1674    26.1496    26.1785    38.152    25.8202    25.6531    38.23
26.1999    26.1999    37.9834    26.1972    26.2247    37.972    26.5178    26.0126    37.5576
26.2499    26.2499    37.7984    26.2497    26.2732    37.7796    26.0546    26.3226    38.189
26.2999    26.2999    37.6124    26.2982    26.3237    37.6011    26.3302    26.9486    37.7372
26.3499    26.3499    37.4254    26.3485    26.3786    37.4145    26.5375    26.2836    37.1711
26.3999    26.3999    37.2374    26.4    26.428    37.2221    26.4171    26.2816    37.1525
26.4499    26.4499    37.0485    26.4502    26.4771    37.0324    26.4381    26.5812    37.1338
26.4999    26.4999    36.8585    26.5002    26.528    36.844    26.6011    26.7785    37.0796
26.5499    26.5499    36.6676    26.551    26.58    36.656    27.0838    27.1651    36.4243
26.5999    26.5999    36.4757    26.605    26.6346    36.4568    26.3    26.7271    36.1306
26.6499    26.6499    36.2828    26.6528    26.6854    36.2591    26.4652    25.9648    36.5528
26.6999    26.6999    36.089    26.7015    26.7302    36.073    27.2303    26.809    36.4445
26.7499    26.7499    35.8942    26.7555    26.7809    35.8825    26.6478    26.9977    35.6601
26.7999    26.7999    35.6983    26.8048    26.8327    35.6827    27.0826    27.1616    36.1702
26.8499    26.8499    35.5015    26.8569    26.8853    35.4922    27.2517    26.4804    35.7248
26.8999    26.8999    35.3038    26.9099    26.9324    35.2984    26.6304    26.6526    34.9014
26.9499    26.9499    35.105    26.9579    26.9805    35.0949    26.989    27.2397    35.4977
26.9999    26.9999    34.9053    27.0082    27.0326    34.901    26.8773    27.2207    35.4791
27.0499    27.0499    34.7045    27.0573    27.0841    34.7098    26.4777    26.9653    34.4974
27.0999    27.0999    34.5028    27.1031    27.1334    34.5069    27.2023    27.0882    34.8169
27.1499    27.1499    34.3002    27.1539    27.1832    34.3094    26.9593    27.3194    34.3691
27.1999    27.1999    34.0965    27.2026    27.2344    34.1071    27.3611    27.1862    34.5139
27.2499    27.2499    33.8918    27.2538    27.2842    33.9091    26.7267    27.3777    33.9135
27.2999    27.2999    33.6862    27.3    27.335    33.7051    27.672    26.8846    33.7244
27.3499    27.3499    33.4796    27.3528    27.3819    33.4994    27.675    27.8649    34.018
27.3999    27.3999    33.272    27.4052    27.4356    33.2982    27.5392    27.1627    33.5923
27.4499    27.4499    33.0635    27.4562    27.4837    33.0952    27.1214    27.181    33.1918
27.4999    27.4999    32.8539    27.5039    27.5317    32.8895    27.3359    27.2471    32.9017
27.5499    27.5499    32.6434    27.5527    27.5798    32.6809    27.2307    27.6666    33.1728
27.5999    27.5999    32.4319    27.6005    27.6305    32.4786    27.937    27.6292    33.0282
27.6499    27.6499    32.2194    27.6529    27.6807    32.2745    28.1024    27.8088    31.901
27.6999    27.6999    32.0059    27.7062    27.7317    32.0538    27.7835    27.3347    31.3812
27.7499    27.7499    31.7914    27.7569    27.779    31.8299    28.009    27.735    32.0135
27.7999    27.7999    31.576    27.8088    27.8288    31.6172    27.8122    28.0669    31.6289
27.8499    27.8499    31.3596    27.8589    27.8807    31.4007    28.0587    28.5158    31.2019
27.8999    27.8999    31.1422    27.9104    27.9354    31.178    27.4807    27.79    31.261
27.9499    27.9499    30.9238    27.9574    27.9845    30.9631    27.5465    27.5392    30.5154
27.9999    27.9999    30.7044    28.0045    28.0315    30.7395    28.0071    28.1493    30.5161
28.0499    28.0499    30.4841    28.0546    28.0825    30.5156    28.5846    27.9355    30.8834
28.0999    28.0999    30.2628    28.1084    28.1315    30.2994    27.945    28.4438    30.4163
28.1499    28.1499    30.0405    28.1573    28.1839    30.0789    28.3631    28.1988    29.8281
28.1999    28.1999    29.8172    28.2089    28.2342    29.8514    28.478    28.9267    30.1663
28.2499    28.2499    29.5929    28.2609    28.2892    29.6297    28.634    27.742    29.4441
28.2999    28.2999    29.3677    28.3136    28.3355    29.4024    27.6958    28.0011    29.0232
28.3499    28.3499    29.1415    28.3593    28.3833    29.1733    28.275    28.2659    28.7262
28.3999    28.3999    28.9142    28.4088    28.4326    28.9399    28.875    29.1756    28.4415
28.4499    28.4499    28.6861    28.4621    28.488    28.7006    28.704    29.1152    28.886
28.4999    28.4999    28.4569    28.5139    28.5425    28.4721    28.6555    28.5706    28.2327
28.5499    28.5499    28.2267    28.565    28.5929    28.2378    28.8638    29.0973    28.1986
28.5998    28.5998    27.9956    28.6172    28.6466    28.0039    28.4473    28.8781    27.7091
28.6498    28.6498    27.7635    28.6661    28.6984    27.7672    28.811    29.0003    27.7021
28.6998    28.6998    27.5304    28.7172    28.7507    27.5319    28.6774    28.5964    27.4182
28.7498    28.7498    27.2963    28.767    28.7998    27.2967    29.1432    28.5724    27.5565
28.7998    28.7998    27.0613    28.8197    28.8484    27.0654    29.309    28.5584    26.8452
28.8498    28.8498    26.8252    28.8732    28.8966    26.8254    28.7098    28.6989    26.8731
28.8998    28.8998    26.5882    28.9222    28.9454    26.5903    28.8876    29.2127    26.9015
28.9498    28.9498    26.3502    28.9721    28.9974    26.3566    28.4693    28.8267    26.7822
28.9998    28.9998    26.1112    29.0187    29.0464    26.1263    29.2515    29.0207    26.294
29.0498    29.0498    25.8713    29.0704    29.0964    25.8885    29.416    29.1275    25.9835
29.0998    29.0998    25.6303    29.1229    29.1468    25.6482    29.573    28.9215    25.3047
29.1498    29.1498    25.3884    29.1761    29.1954    25.4005    29.355    29.2891    25.7367
29.1998    29.1998    25.1455    29.2274    29.2462    25.1622    29.505    29.2129    24.8091
29.2498    29.2498    24.9016    29.2794    29.2962    24.9124    29.0153    29.3721    24.5886
29.2998    29.2998    24.6567    29.3277    29.3468    24.6632    29.146    29.6195    24.319
29.3498    29.3498    24.4109    29.3766    29.3989    24.412    29.0541    30.0006    24.5251
29.3998    29.3998    24.1641    29.4245    29.4531    24.1662    29.4048    29.3324    23.6072
29.4498    29.4498    23.9163    29.4745    29.5025    23.9103    29.1378    29.3506    23.5106
29.4998    29.4998    23.6675    29.5224    29.5517    23.6568    29.6481    29.3898    24.2681
29.5498    29.5498    23.4177    29.5733    29.6007    23.4165    29.4535    29.5342    23.218
29.5998    29.5998    23.1669    29.6226    29.6505    23.1633    29.8902    29.3792    22.5981
29.6498    29.6498    22.9152    29.6745    29.6988    22.9031    29.6451    29.3058    23.5242
29.6998    29.6998    22.6625    29.7244    29.7464    22.661    29.926    30.0318    22.255
29.7498    29.7498    22.4088    29.7759    29.7984    22.3999    29.4821    29.6403    22.9886
29.7998    29.7998    22.1541    29.824    29.8475    22.1554    29.6578    29.7533    22.2738
29.8498    29.8498    21.8985    29.873    29.8971    21.9023    29.8556    29.6904    22.2726
29.8998    29.8998    21.6418    29.923    29.9459    21.652    30.4572    30.237    21.9466
29.9498    29.9498    21.3842    29.9767    29.998    21.3967    30.0863    29.8117    21.6572
29.9998    29.9998    21.1256    30.0275    30.0469    21.1424    30.1168    29.882    21.5472
30.0498    30.0498    20.866    30.0782    30.096    20.8892    30.2372    30.5609    21.4423
30.0998    30.0998    20.6055    30.1294    30.1492    20.6355    30.1366    30.0898    20.1684
30.1498    30.1498    20.3439    30.1796    30.199    20.3674    29.8229    30.4921    20.1448
30.1998    30.1998    20.0814    30.2273    30.2511    20.1019    29.295    30.8499    20.1612
30.2498    30.2498    19.8179    30.2713    30.3052    19.8405    30.2432    29.8878    19.2003
30.2998    30.2998    19.5534    30.3212    30.3527    19.5679    30.4583    30.2044    19.7627
30.3498    30.3498    19.2879    30.3722    30.4019    19.3056    30.4173    30.195    19.6967
30.3998    30.3998    19.0215    30.4226    30.4507    19.0456    30.362    30.5341    18.6997
30.4498    30.4498    18.754    30.4723    30.5014    18.7732    30.8247    31.0138    18.8614
30.4998    30.4998    18.4856    30.5247    30.5549    18.5039    30.3936    30.5738    17.6857
30.5498    30.5498    18.2162    30.5739    30.6052    18.223    30.5087    31.1735    17.9388
30.5998    30.5998    17.9459    30.6236    30.6591    17.9472    30.2547    30.5767    17.9531
30.6498    30.6498    17.6745    30.6713    30.7088    17.6773    31.0862    30.591    17.7196
30.6998    30.6998    17.4022    30.7241    30.7582    17.4048    31.3012    30.9611    17.2962
30.7498    30.7498    17.1289    30.778    30.8097    17.1279    30.9083    31.108    17.0654
30.7998    30.7998    16.8546    30.8289    30.8618    16.8516    30.7474    30.7433    17.0238
30.8498    30.8498    16.5793    30.8785    30.9113    16.5794    30.5227    30.9168    16.7112
30.8998    30.8998    16.303    30.9263    30.9615    16.3061    30.9067    30.9101    16.5527
30.9498    30.9498    16.0258    30.9763    31.0114    16.0327    31.0357    31.0938    16.4874
30.9998    30.9998    15.7476    31.0268    31.0621    15.7608    30.885    30.8723    15.8597
31.0498    31.0498    15.4684    31.076    31.1111    15.4841    30.977    30.9506    15.364
31.0998    31.0998    15.1882    31.1255    31.1602    15.2031    31.0438    31.2665    14.9999
31.1498    31.1498    14.907    31.175    31.2111    14.9191    30.8268    30.8348    14.499
31.1998    31.1998    14.6249    31.2229    31.2589    14.633    30.8003    31.1254    14.9989
31.2498    31.2498    14.3417    31.2703    31.3082    14.3567    31.3432    31.4041    14.4769
31.2998    31.2998    14.0576    31.3209    31.359    14.0741    31.0766    31.5785    14.1769
31.3498    31.3498    13.7726    31.3694    31.4106    13.7907    31.5769    31.142    13.1176
31.3998    31.3998    13.4865    31.4208    31.4591    13.4954    30.7626    31.4477    13.5365
31.4498    31.4498    13.1994    31.4667    31.5092    13.2108    31.2855    31.3689    13.8127
31.4998    31.4998    12.9114    31.5156    31.5585    12.9324    31.2272    31.3925    13.2796
31.5498    31.5498    12.6224    31.5639    31.6076    12.6497    31.226    31.7355    12.3719
31.5998    31.5998    12.3324    31.6118    31.6586    12.3566    31.5452    31.3032    12.1178
31.6498    31.6498    12.0414    31.6615    31.7065    12.0636    31.6529    31.8468    11.7577
31.6998    31.6998    11.7495    31.7115    31.7576    11.7672    31.4917    30.9722    12.1202
31.7498    31.7498    11.4565    31.7602    31.8028    11.4821    32.2081    31.5678    11.7971
31.7998    31.7998    11.1626    31.813    31.8515    11.1924    31.2663    31.5528    11.0844
31.8498    31.8498    10.8677    31.8597    31.8998    10.8984    32.2233    31.9843    11.1285
31.8998    31.8998    10.5718    31.912    31.9505    10.6049    31.6329    32.2359    10.7355
31.9498    31.9498    10.275    31.9603    32.0024    10.3102    31.6637    31.7767    11.1113
31.9998    31.9998    9.97712    32.0085    32.0512    10.0253    32.2057    31.9248    9.93917
32.0498    32.0498    9.6783    32.0598    32.1005    9.72552    32.2293    31.8047    9.19459
32.0998    32.0998    9.3785    32.111    32.1488    9.419    32.5906    31.9287    9.18471
32.1498    32.1498    9.07771    32.164    32.1976    9.11462    31.7916    31.9065    9.03761
32.1998    32.1998    8.77595    32.2118    32.246    8.81383    32.1161    32.1935    8.59235
32.2498    32.2498    8.4732    32.2612    32.2958    8.50872    32.3406    32.0148    8.49696
32.2998    32.2998    8.16947    32.3118    32.3442    8.20568    32.2799    32.1473    8.06039
32.3498    32.3498    7.86476    32.3617    32.3931    7.89987    32.5178    32.0428    7.72516
32.3998    32.3998    7.55907    32.4127    32.4411    7.59258    32.5339    32.2016    7.7396
32.4498    32.4498    7.2524    32.4635    32.4897    7.28858    32.6951    32.4232    6.93487
32.4998    32.4998    6.94475    32.515    32.5395    6.97594    32.3689    32.1282    6.85693
32.5498    32.5498    6.63612    32.5642    32.5871    6.66739    33.2208    32.6069    6.98692
32.5998    32.5998    6.32651    32.6183    32.6373    6.36077    32.489    32.4334    6.39758
32.6498    32.6498    6.01591    32.6676    32.6862    6.05185    33.4968    33.2551    6.23676
32.6998    32.6998    5.70434    32.7227    32.7398    5.73958    32.4375    32.7088    5.70767
32.7498    32.7498    5.39178    32.7711    32.7897    5.42771    33.2295    32.7156    5.18885
32.7998    32.7998    5.07824    32.824    32.8394    5.11024    32.9011    32.6455    5.27583
32.8498    32.8498    4.76372    32.8745    32.8884    4.79858    33.2093    32.2593    4.76585
32.8998    32.8998    4.44823    32.9266    32.9347    4.48369    32.9281    32.5535    4.43761
32.9498    32.9498    4.13174    32.9767    32.9825    4.16785    33.4537    32.9375    4.00375
32.9998    32.9998    3.81428    33.0297    33.0323    3.84738    32.6603    32.5624    4.02422
33.0498    33.0498    3.49584    33.0776    33.0796    3.53376    32.9665    33.1716    3.17265
33.0998    33.0998    3.17642    33.127    33.1302    3.20981    33.6919    32.2036    3.33656
33.1498    33.1498    2.85601    33.1805    33.1747    2.89234    32.9549    32.653    2.40299
33.1998    33.1998    2.53463    33.2293    33.2217    2.56652    32.845    32.8482    2.55735
33.2498    33.2498    2.21226    33.2771    33.2695    2.24623    33.1676    33.0239    2.62776
33.2998    33.2998    1.88891    33.3265    33.3181    1.92925    33.1246    33.5283    1.92654
33.3498    33.3498    1.56458    33.3754    33.3695    1.60523    33.1788    33.6345    1.57933
33.3998    33.3998    1.23927    33.4243    33.4211    1.27976    33.6619    33.5977    1.63258
33.4498    33.4498    0.912983    33.4758    33.4723    0.95754    33.0998    33.33    0.385292
33.4998    33.4998    0.585711    33.5237    33.5215    0.62425    33.3711    33.3652    0.780322
33.5498    33.5498    0.257459    33.5729    33.5707    0.299203    33.4452    33.922    -0.0506957
